4.1773,105.668 47.1401,152.283
1.1246,633.816 47.1401,152.283
29.7191,109.217 49.3919,134.631
47.1401,152.283 49.3919,134.631
146.837,111.633 168.841,135.579
103.739,111.944 168.841,135.579
49.3919,134.631 65.7913,98.1682
103.739,111.944 65.7913,98.1682
65.7913,98.1682 68.0483,91.526
84.3207,85.4768 68.0483,91.526
84.3207,85.4768 113.003,74.8141
146.837,111.633 113.003,74.8141
113.003,74.8141 116.209,58.9486
144.589,56.3249 116.209,58.9486
116.209,58.9486 111.748,35.9498
122.873,29.919 111.748,35.9498
29.7191,109.217 -14.5436,52.037
6.5158,45.9621 -14.5436,52.037
6.5158,45.9621 40.5747,36.1371
68.0483,91.526 40.5747,36.1371
4.1773,105.668 -45.9263,51.3047
-14.5436,52.037 -45.9263,51.3047
40.5747,36.1371 64.7258,0.917505
111.748,35.9498 64.7258,0.917505
1.1246,633.816 -23237.2,243814
-45.9263,51.3047 -995.117,1.63266
64.7258,0.917505 71.5944,-496.689
122.873,29.919 743.191,-306.368
144.589,56.3249 1108.72,-32.8071
168.841,135.579 2720.81,2634.84
